   1.00000000       3.14256001    
   2.00000000       6.28512001    
   3.00000000       9.42768002    
   4.00000000       12.5702400    
   5.00000000       15.7128000    
   6.00000000       18.8553600    
   7.00000000       21.9979210    
   8.00000000       25.1404800    
   9.00000000       28.2830391    
   10.0000000       31.4256001    
   11.0000000       34.5681610    
   12.0000000       37.7107201    
   13.0000000       40.8532791    
   14.0000000       43.9958420    
   15.0000000       47.1384010    
   16.0000000       50.2809601    
   17.0000000       53.4235191    
   18.0000000       56.5660782    
   19.0000000       59.7086411    
   20.0000000       62.8512001    
